[BISPECTRUM]
numTypes = 2
twojmax = 6
rcutfac = 1.0
rfac0 = 0.99363
rmin0 = 0.0
wj1 = 1.0
wj2 = 0.9293160905266721
radelem1 = 3.812045629514403
radelem2 = 3.829453817954964
type1 = In
type2 = P

[ESHIFT]
In = -1.65967588701534
P = 4.38159549501534

[CALCULATOR]
wselfallflag = 1
chemflag = 1
bnormflag = 1
bzeroflag = 1   
quadraticflag = 0

[SCRAPER]
scraper = JSON

[SOLVER]
solver = SVD

[PATH]
jsonPath = ./JSON
# Comment out groupFile to use GROUPS section
#groupFile = ./grouplist.in

[OUTFILE]
configs = InP_configs.pkl.gz
metrics = InP_metrics.csv
potential = InP_pot

[REFERENCE]
units = metal
atom_style = atomic
pair_style = hybrid/overlay zero 10.0 zbl 4.0 4.2
pair_coeff1 = * * zero
pair_coeff2 = 1 1 zbl 49 49
pair_coeff3 = 1 2 zbl 49 15
pair_coeff4 = 2 2 zbl 15 15

[GROUPS]
group_sections = name size eweight fweight vweight 
group_types = str float float float float 
aa = 		20 	5319411.52359161	12160.2964901219 	1.0e-12
aIn = 		54 	592960.979019644    	410.375340021632  	1.0e-12
aP = 		21 	280933.371566026    	3618.73557864646  	1.0e-12
Bulk = 		1 	747239.126417448   	1609572.6749909  	1.0e-12
EOS = 		268 	100000    		11164.9854012147    	1.0e-12
iIn = 		41 	2103779.971446    	6796.55772361871  	1.0e-12
iP  = 		100 	669131.752996794  	5805.68960393981  	1.0e-12
s_aa = 		18	5319411.52359161  	12160.2964901219 	1.0e-12
s_aIn = 	121	592960.979019644   	410.375340021632 	1.0e-12
s_aP = 		72	280933.371566026    	3618.73557864646	1.0e-12
Shear = 	346 	100000  		205.973221998272	1.0e-12
s_iIn = 	144	2103779.971446   	6796.55772361871 	1.0e-12
s_iP = 		337	669131.752996794    	5805.68960393981 	1.0e-12
Strain = 	163 	4564655.81612184 	1525.7275564439	 	1.0e-12
s_vIn = 	17	6314405.9173199   	712362.940478615 	1.0e-12
s_vP = 		77	3891634.88035388    	64705.3594884766 	1.0e-12
s_vv = 		65	5622278.70967226    	24308.6192988325 	1.0e-12
vP = 		10 	3891634.88035388     	64705.3594884766  	1.0e-12
vv = 		19 	5622278.70967226     	24308.6192988325  	1.0e-12
